{'ra':308.40031523381674,
'ra_err':0.010217067,
'dec':43.98538212854551,
'dec_err':0.010932052,
'parallax':0.5823258993042517,
'parallax_err':0.012209491,
'mu_ra_cosdec':-2.594735635507606,
'mu_ra_cosdec_err':0.013595376,
'mu_dec':0.7286401164024895,
'mu_dec_err':0.014304411,
'V_r':60,
'V_r_err':10}