{'ra':135.2636954233209,
'ra_err':0.022287067,
'dec':17.898868883572277,
'dec_err':0.014443057,
'parallax':2.460989412994783,
'parallax_err':0.025285432,
'mu_ra_cosdec':-29.137743020222544,
'mu_ra_cosdec_err':0.02830767,
'mu_dec':-6.422730976358496,
'mu_dec_err':0.020751957,
'V_r':-0.2,
'V_r_err':2.5}


	

	

	
