{'ra':109.62136332589806,
'ra_err':0.016811375,
'dec':-13.21707387972392,
'dec_err':0.017729161,
'parallax':0.20960861672983885,
'parallax_err':0.026838362,
'mu_ra_cosdec':-3.6007907068724387,
'mu_ra_cosdec_err':0.020647796,
'mu_dec':2.997845842163925,
'mu_dec_err':0.019647354,
'V_r':20,
'V_r_err':15}